93
40
79
73
52
97
37
97
7
35
79
39
90
77
83
80
73
98
5
15
31
95
88
61
74
48
98
87
76
32
63
99
19
26
33
1
23
100
67
16
27
30
77
43
40
53
65
36
54
59
2
21
88
51
49
21
86
22
98
33
38
58
86
1
17
18
85
33
61
91
56
68
22
29
58
65
42
97
42
66
86
1
35
71
19
37
40
65
17
27
78
27
32
64
7
17
69
43
4
30
64
19
38
10
35
90
94
69
84
59
33
81
7
55
24
81
45
18
84
29
26
93
18
93
74
89
44
18
69
59
56
91
67
82
60
32
70
58
77
60
41
15
98
55
78
14
24
65
64
83
70
7
60
81
10
69
26
80
12
14
74
69
32
83
51
46
72
64
20
62
60
29
14
70
12
27
29
83
29
22
63
35
55
62
57
63
80
66
7
3
53
1
31
53
100
51
33
48
53
70
44
19
52
14
14
52
28
39
47
45
26
15
63
46
99
70
65
91
16
57
36
24
27
60
89
76
19
32
56
8
31
70
93
98
74
38
57
83
54
56
51
87
43
84
7
59
2
17
8
31
80
36
49
60
56
26
8
28
88
9
25
40
17
48
26
34
95
37
28
78
95
0
59
75
32
29
86
7
88
22
62
80
64
78
21
6
72
9
23
78
85
2
66
92
96
10
69
99
73
3
1
22
88
32
7
61
53
67
72
69
53
51
93
36
17
84
13
79
100
85
8
32
81
15
66
46
14
70
97
7
72
88
98
39
94
64
81
46
6
22
14
70
96
69
28
96
80
72
55
45
44
96
17
43
5
64
49
84
2
77
79
61
9
47
98
75
73
26
18
94
99
28
6
4
72
84
35
98
30
42
91
38
27
8
61
57
87
53
23
78
55
78
57
46
90
94
95
61
23
9
84
40
78
54
19
24
60
69
73
2
51
47
67
45
69
81
63
24
57
12
40
44
72
87
53
99
23
27
8
12
63
95
98
14
43
83
77
89
89
51
65
44
33
87
90
47
99
89
9
90
49
46
65
40
34
29
14
30
64
8
90
30
93
40
96
9
57
39
98
42
28
69
78
39
54
70
89
88
4
31
4
72
43
95
67
2
75
70
42
27
50
87
82
46
53
27
82
6
68
12
36
48
26
73
66
44
97
100
38
97
6
9
4
94
70
85
54
89
38
25
22
86
10
16
71
47
82
23
32
9
85
26
8
82
78
75
28
76
10
98
85
77
61
64
24
76
7
97
33
99
49
47
44
86
94
81
8
21
48
76
72
74
41
18
71
40
22
49
38
77
44
66
93
28
37
29
80
96
72
1
21
5
87
43
33
4
14
34
95
78
93
61
9
60
89
66
69
27
14
94
39
81
13
3
37
6
19
47
42
55
44
28
40
51
40
85
9
14
31
89
25
93
98
54
1
5
63
63
5
40
97
49
49
51
20
86
44
2
65
49
62
18
74
43
38
77
59
76
75
30
49
83
88
91
34
13
42
59
61
89
37
76
90
94
44
31
63
27
64
47
69
10
3
29
50
84
21
26
73
58
71
57
29
56
73
59
34
11
44
94
94
70
30
95
25
2
5
64
75
83
45
86
69
22
76
76
76
78
81
73
49
27
42
45
90
94
49
28
74
42
38
96
36
66
51
13
35
17
19
52
74
60
92
79
83
44
71
37
80
2
6
78
70
90
82
55
14
75
12
96
28
36
40
34
94
31
17
9
100
8
73
37
91
32
44
79
38
74
68
82
90
13
18
73
32
11
44
96
21
42
95
15
40
74
47
66
39
77
56
77
9
81
100
32
39
66
0
36
3
15
68
29
31
18
4
58
64
98
7
59
89
2
91
16
87
38
62
84
94
8
6
47
43
97
14
44
76
15
92
91
62
12
41
83
62
96
39
17
41
83
100
31
95
57
79
86
12
52
49
0
5
14
83
58
20
13
88
47
58
51
98
78
40
39
1
2
96
45
65
88
83
83
12
54
41
93
13
42
12
86
4
23
78
97
37
39
87
87
5
36
79
24
64
76
15
26
21
52
62
68
46
43
89
97
74
79
63
94
41
23
1
84
53
8
9
57
6
52
9
52
44
4
67
13
49
88
42
5
24
91
58
40
94
48
52
3
93
14
51
17
76
56
53
48
79
84
37
72
62
45
45
38
13
86
48
56
57
99
42
43
88
26
12
97
9
87
42
75
28
32
24
99
17
66
89
46
11
60
28
36
55
13
71
27
48
92
19
46
78
43
77
21
13
37
47
38
91
76
69
14
63
34
54
37
58
60
64
21
81
18
90
87
20
63
58
95
41
61
85
31
72
28
65
55
37
59
22
24
66
43
48
89
41
10
49
43
2
13
54
2
12
11
78
94
83
61
10
13
7
92
28
68
29
10
2
58
99
89
47
82
18
40
49
33
17
71
85
39
34
45
87
46
63
90
74
90
15
21
60
96
36
59
91
24
88
24
12
24
20
89
78
34
82
98
43
86
99
43
54
56
9
62
89
83
23
29
21
20
39
88
27
97
83
99
53
26
23
71
70
45
20
23
66
96
82
61
26
86
96
74
67
23
98
70
16
85
98
98
6
44
15
69
100
17
66
37
11
66
44
41
35
41
25
16
84
81
15
62
93
15
85
12
3
80
27
99
18
76
58
52
14
20
61
80
59
13
74
91
89
45
53
16
20
78
85
89
89
40
65
26
39
20
8
92
22
73
69
67
4
58
17
31
65
40
17
14
26
85
67
89
9
89
48
15
50
13
47
65
33
95
98
72
25
100
57
83
92
2
73
45
30
24
21
50
92
97
74
56
87
74
40
25
20
10
89
49
71
4
90
97
80
100
62
51
36
94
70
3
32
42
98
41
59
21
39
98
85
75
97
53
36
31
19
82
84
98
12
59
33
26
36
87
23
41
66
9
61
94
45
1
32
64
31
79
74
42
45
3
94
89
93
44
2
0
91
52
56
27
30
55
61
67
3
17
11
45
25
74
11
89
57
96
67
5
64
19
56
5
59
17
76
69
27
67
94
62
80
19
36
43
54
57
29
45
23
15
22
72
82
11
10
97
81
24
15
40
98
85
64
9
73
95
7
44
72
45
65
45
98
97
48
15
80
58
23
54
29
92
49
1
32
79
17
99
1
29
73
34
34
91
27
9
66
35
73
90
27
14
50
81
84
68
59
5
20
90
92
7
2
86
88
11
5
22
46
37
0
35
91
2
0
59
64
72
76
40
49
58
62
89
96
22
39
84
0
96
38
50
19
13
30
57
34
36
13
13
43
42
13
13
5
49
43
94
53
55
39
30
22
37
55
66
84
48
96
39
2
96
72
100
13
14
18
31
62
28
57
32
2
49
22
2
87
50
91
36
75
49
13
29
78
87
33
2
43
91
70
59
1
81
